1) 0 0 0 0 1 0 1 0 0 0 0 0 0 
2b) 0 1 0 0 0 0 1 1 0 0 0 0 0 
3) 0 0 0 0 0 0 1 0 0 0 0 0 0 
4) 0 0 0 1 0 0 1 0 0 1 0 0 0 
5) 0 0 0 0 0 0 1 0 0 0 0 0 0 
6) 1 0 0 0 0 0 1 0 1 0 0 0 0 
7a) 0 0 1 0 0 0 0 0 0 0 0 1 1 
1) 0 0 0 0 1 0 1 0 0 0 0 0 0 
2b) 0 1 0 0 0 0 1 1 0 0 0 0 0 
3) 0 0 0 0 0 0 1 0 0 0 0 0 0 
4) 0 0 0 1 0 0 1 0 0 1 0 0 0 
5) 0 0 0 0 0 0 1 0 0 0 0 0 0 
6) 1 0 0 0 0 0 1 0 1 0 0 0 0 
7b) 0 0 0 0 0 0 1 0 0 0 0 0 0 
_________________New Detail______________________ 0 0 0 0 0 0 1 0 0 0 0 0 0 
2b) 0 1 0 0 0 0 1 1 0 0 0 0 0 
3) 0 0 0 0 0 0 1 0 0 0 0 0 0 
4) 0 0 0 1 0 0 1 0 0 1 0 0 0 
5) 0 0 0 0 0 0 1 0 0 0 0 0 0 
6) 1 0 0 0 0 0 1 0 1 0 0 0 0 
7b) 0 0 0 0 0 0 1 0 0 0 0 0 0 
_________________New Detail______________________ 0 0 0 0 0 0 1 0 0 0 0 0 0 
2b) 0 1 0 0 0 0 1 1 0 0 0 0 0 
3) 0 0 0 0 0 0 1 0 0 0 0 0 0 
4) 0 0 0 1 0 0 1 0 0 1 0 0 0 
5) 0 0 0 0 0 0 1 0 0 0 0 0 0 
6) 1 0 0 0 0 0 1 0 1 0 0 0 0 
7b) 0 0 0 0 0 0 1 0 0 0 0 0 0 
_________________New Detail______________________ 0 0 0 0 0 0 1 0 0 0 0 0 0 
2b) 0 1 0 0 0 0 1 1 0 0 0 0 0 
3) 0 0 0 0 0 0 1 0 0 0 0 0 0 
4) 0 0 0 1 0 0 1 0 0 1 0 0 0 
5) 0 0 0 0 0 0 1 0 0 0 0 0 0 
6) 1 0 0 0 0 0 1 0 1 0 0 0 0 
7b) 0 0 0 0 0 0 1 0 0 0 0 0 0 
_________________New Detail______________________ 0 0 0 0 0 0 1 0 0 0 0 0 0 
2b) 0 1 0 0 0 0 1 1 0 0 0 0 0 
3) 0 0 0 0 0 0 1 0 0 0 0 0 0 
4) 0 0 0 1 0 0 1 0 0 1 0 0 0 
5) 0 0 0 0 0 0 1 0 0 0 0 0 0 
6) 1 0 0 0 0 0 1 0 1 0 0 0 0 
7b) 0 0 0 0 0 0 1 0 0 0 0 0 0 
_________________New Detail______________________ 0 0 0 0 0 0 1 0 0 0 0 0 0 
2b) 0 1 0 0 0 0 1 1 0 0 0 0 0 
3) 0 0 0 0 0 0 1 0 0 0 0 0 0 
4) 0 0 0 1 0 0 1 0 0 1 0 0 0 
5) 0 0 0 0 0 0 1 0 0 0 0 0 0 
6) 1 0 0 0 0 0 1 0 1 0 0 0 0 
7b) 0 0 0 0 0 0 1 0 0 0 0 0 0 
_________________New Detail______________________ 0 0 0 0 0 0 1 0 0 0 0 0 0 
2b) 0 1 0 0 0 0 1 1 0 0 0 0 0 
3) 0 0 0 0 0 0 1 0 0 0 0 0 0 
4) 0 0 0 1 0 0 1 0 0 1 0 0 0 
5) 0 0 0 0 0 0 1 0 0 0 0 0 0 
6) 1 0 0 0 0 0 1 0 1 0 0 0 0 
7b) 0 0 0 0 0 0 1 0 0 0 0 0 0 
_________________New Detail______________________ 0 0 0 0 0 0 1 0 0 0 0 0 0 
2b) 0 1 0 0 0 0 1 1 0 0 0 0 0 
3) 0 0 0 0 0 0 1 0 0 0 0 0 0 
4) 0 0 0 1 0 0 1 0 0 1 0 0 0 
5) 0 0 0 0 0 0 1 0 0 0 0 0 0 
6) 1 0 0 0 0 0 1 0 1 0 0 0 0 
7b) 0 0 0 0 0 0 1 0 0 0 0 0 0 
_________________New Detail______________________ 0 0 0 0 0 0 1 0 0 0 0 0 0 
2b) 0 1 0 0 0 0 1 1 0 0 0 0 0 
3) 0 0 0 0 0 0 1 0 0 0 0 0 0 
4) 0 0 0 1 0 0 1 0 0 1 0 0 0 
5) 0 0 0 0 0 0 1 0 0 0 0 0 0 
6) 1 0 0 0 0 0 1 0 1 0 0 0 0 
7b) 0 0 0 0 0 0 1 0 0 0 0 0 0 
_________________New Detail______________________ 0 0 0 0 0 0 1 0 0 0 0 0 0 
2b) 0 1 0 0 0 0 1 1 0 0 0 0 0 
3) 0 0 0 0 0 0 1 0 0 0 0 0 0 
4) 0 0 0 1 0 0 1 0 0 1 0 0 0 
5) 0 0 0 0 0 0 1 0 0 0 0 0 0 
6) 1 0 0 0 0 0 1 0 1 0 0 0 0 
7b) 0 0 0 0 0 0 1 0 0 0 0 0 0 
_________________New Detail______________________ 0 0 0 0 0 0 1 0 0 0 0 0 0 
2b) 0 1 0 0 0 0 1 1 0 0 0 0 0 
3) 0 0 0 0 0 0 1 0 0 0 0 0 0 
4) 0 0 0 1 0 0 1 0 0 1 0 0 0 
5) 0 0 0 0 0 0 1 0 0 0 0 0 0 
6) 1 0 0 0 0 0 1 0 1 0 0 0 0 
7b) 0 0 0 0 0 0 1 0 0 0 0 0 0 
_________________New Detail______________________ 0 0 0 0 0 0 1 0 0 0 0 0 0 
2b) 0 1 0 0 0 0 1 1 0 0 0 0 0 
3) 0 0 0 0 0 0 1 0 0 0 0 0 0 
4) 0 0 0 1 0 0 1 0 0 1 0 0 0 
5) 0 0 0 0 0 0 1 0 0 0 0 0 0 
6) 1 0 0 0 0 0 1 0 1 0 0 0 0 
7b) 0 0 0 0 0 0 1 0 0 0 0 0 0 
_________________New Detail______________________ 0 0 0 0 0 0 1 0 0 0 0 0 0 
2b) 0 1 0 0 0 0 1 1 0 0 0 0 0 
3) 0 0 0 0 0 0 1 0 0 0 0 0 0 
4) 0 0 0 1 0 0 1 0 0 1 0 0 0 
5) 0 0 0 0 0 0 1 0 0 0 0 0 0 
6) 1 0 0 0 0 0 1 0 1 0 0 0 0 
7b) 0 0 0 0 0 0 1 0 0 0 0 0 0 
_________________New Detail______________________ 0 0 0 0 0 0 1 0 0 0 0 0 0 
2b) 0 1 0 0 0 0 1 1 0 0 0 0 0 
3) 0 0 0 0 0 0 1 0 0 0 0 0 0 
4) 0 0 0 1 0 0 1 0 0 1 0 0 0 
5) 0 0 0 0 0 0 1 0 0 0 0 0 0 
6) 1 0 0 0 0 0 1 0 1 0 0 0 0 
7b) 0 0 0 0 0 0 1 0 0 0 0 0 0 
_________________New Detail______________________ 0 0 0 0 0 0 1 0 0 0 0 0 0 
2b) 0 1 0 0 0 0 1 1 0 0 0 0 0 
3) 0 0 0 0 0 0 1 0 0 0 0 0 0 
4) 0 0 0 1 0 0 1 0 0 1 0 0 0 
5) 0 0 0 0 0 0 1 0 0 0 0 0 0 
6) 1 0 0 0 0 0 1 0 1 0 0 0 0 
7b) 0 0 0 0 0 0 1 0 0 0 0 0 0 
_________________New Detail______________________ 0 0 0 0 0 0 1 0 0 0 0 0 0 
2b) 0 1 0 0 0 0 1 1 0 0 0 0 0 
3) 0 0 0 0 0 0 1 0 0 0 0 0 0 
4) 0 0 0 1 0 0 1 0 0 1 0 0 0 
5) 0 0 0 0 0 0 1 0 0 0 0 0 0 
6) 1 0 0 0 0 0 1 0 1 0 0 0 0 
7b) 0 0 0 0 0 0 1 0 0 0 0 0 0 
_________________New Detail______________________ 0 0 0 0 0 0 1 0 0 0 0 0 0 
2b) 0 1 0 0 0 0 1 1 0 0 0 0 0 
3) 0 0 0 0 0 0 1 0 0 0 0 0 0 
4) 0 0 0 1 0 0 1 0 0 1 0 0 0 
5) 0 0 0 0 0 0 1 0 0 0 0 0 0 
6) 1 0 0 0 0 0 1 0 1 0 0 0 0 
7b) 0 0 0 0 0 0 1 0 0 0 0 0 0 
_________________New Detail______________________ 0 0 0 0 0 0 1 0 0 0 0 0 0 
2b) 0 1 0 0 0 0 1 1 0 0 0 0 0 
3) 0 0 0 0 0 0 1 0 0 0 0 0 0 
4) 0 0 0 1 0 0 1 0 0 1 0 0 0 
5) 0 0 0 0 0 0 1 0 0 0 0 0 0 
6) 1 0 0 0 0 0 1 0 1 0 0 0 0 
7b) 0 0 0 0 0 0 1 0 0 0 0 0 0 
_________________New Detail______________________ 0 0 0 0 0 0 1 0 0 0 0 0 0 
2b) 0 1 0 0 0 0 1 1 0 0 0 0 0 
3) 0 0 0 0 0 0 1 0 0 0 0 0 0 
4) 0 0 0 1 0 0 1 0 0 1 0 0 0 
5) 0 0 0 0 0 0 1 0 0 0 0 0 0 
6) 1 0 0 0 0 0 1 0 1 0 0 0 0 
7b) 0 0 0 0 0 0 1 0 0 0 0 0 0 
_________________New Detail______________________ 0 0 0 0 0 0 1 0 0 0 0 0 0 
2b) 0 1 0 0 0 0 1 1 0 0 0 0 0 
3) 0 0 0 0 0 0 1 0 0 0 0 0 0 
4) 0 0 0 1 0 0 1 0 0 1 0 0 0 
5) 0 0 0 0 0 0 1 0 0 0 0 0 0 
6) 1 0 0 0 0 0 1 0 1 0 0 0 0 
7a) 0 0 1 0 0 0 0 0 0 0 0 1 1 
1) 0 0 0 0 1 0 1 0 0 0 0 0 0 
2b) 0 1 0 0 0 0 1 1 0 0 0 0 0 
3) 0 0 0 0 0 0 1 0 0 0 0 0 0 
4) 0 0 0 1 0 0 1 0 0 1 0 0 0 
5) 0 0 0 0 0 0 1 0 0 0 0 0 0 
6) 1 0 0 0 0 0 1 0 1 0 0 0 0 
7b) 0 0 0 0 0 0 1 0 0 0 0 0 0 
_________________New Detail______________________ 0 0 0 0 0 0 1 0 0 0 0 0 0 
2b) 0 1 0 0 0 0 1 1 0 0 0 0 0 
3) 0 0 0 0 0 0 1 0 0 0 0 0 0 
4) 0 0 0 1 0 0 1 0 0 1 0 0 0 
5) 0 0 0 0 0 0 1 0 0 0 0 0 0 
6) 1 0 0 0 0 0 1 0 1 0 0 0 0 
7b) 0 0 0 0 0 0 1 0 0 0 0 0 0 
_________________New Detail______________________ 0 0 0 0 0 0 1 0 0 0 0 0 0 
2b) 0 1 0 0 0 0 1 1 0 0 0 0 0 
3) 0 0 0 0 0 0 1 0 0 0 0 0 0 
6) 1 0 0 0 0 0 1 0 1 0 0 0 0 
2b) 0 1 0 0 0 0 1 1 0 0 0 0 0 
3) 0 0 0 0 0 0 1 0 0 0 0 0 0 
4) 0 0 0 1 0 0 1 0 0 1 0 0 0 
5) 0 0 0 0 0 0 1 0 0 0 0 0 0 
6) 1 0 0 0 0 0 1 0 1 0 0 0 0 
7b) 0 0 0 0 0 0 1 0 0 0 0 0 0 
_________________New Detail______________________ 0 0 0 0 0 0 1 0 0 0 0 0 0 
2b) 0 1 0 0 0 0 1 1 0 0 0 0 0 
3) 0 0 0 0 0 0 1 0 0 0 0 0 0 
4) 0 0 0 1 0 0 1 0 0 1 0 0 0 
5) 0 0 0 0 0 0 1 0 0 0 0 0 0 
6) 1 0 0 0 0 0 1 0 1 0 0 0 0 
7b) 0 0 0 0 0 0 1 0 0 0 0 0 0 
_________________New Detail______________________ 0 0 0 0 0 0 1 0 0 0 0 0 0 
2b) 0 1 0 0 0 0 1 1 0 0 0 0 0 
3) 0 0 0 0 0 0 1 0 0 0 0 0 0 
4) 0 0 0 1 0 0 1 0 0 1 0 0 0 
5) 0 0 0 0 0 0 1 0 0 0 0 0 0 
6) 1 0 0 0 0 0 1 0 1 0 0 0 0 
7b) 0 0 0 0 0 0 1 0 0 0 0 0 0 
_________________New Detail______________________ 0 0 0 0 0 0 1 0 0 0 0 0 0 
2b) 0 1 0 0 0 0 1 1 0 0 0 0 0 
3) 0 0 0 0 0 0 1 0 0 0 0 0 0 
4) 0 0 0 1 0 0 1 0 0 1 0 0 0 
5) 0 0 0 0 0 0 1 0 0 0 0 0 0 
6) 1 0 0 0 0 0 1 0 1 0 0 0 0 
7b) 0 0 0 0 0 0 1 0 0 0 0 0 0 
_________________New Detail______________________ 0 0 0 0 0 0 1 0 0 0 0 0 0 
2b) 0 1 0 0 0 0 1 1 0 0 0 0 0 
3) 0 0 0 0 0 0 1 0 0 0 0 0 0 
4) 0 0 0 1 0 0 1 0 0 1 0 0 0 
5) 0 0 0 0 0 0 1 0 0 0 0 0 0 
6) 1 0 0 0 0 0 1 0 1 0 0 0 0 
7b) 0 0 0 0 0 0 1 0 0 0 0 0 0 
_________________New Detail______________________ 0 0 0 0 0 0 1 0 0 0 0 0 0 
2b) 0 1 0 0 0 0 1 1 0 0 0 0 0 
3) 0 0 0 0 0 0 1 0 0 0 0 0 0 
4) 0 0 0 1 0 0 1 0 0 1 0 0 0 
5) 0 0 0 0 0 0 1 0 0 0 0 0 0 
6) 1 0 0 0 0 0 1 0 1 0 0 0 0 
7b) 0 0 0 0 0 0 1 0 0 0 0 0 0 
_________________New Detail______________________ 0 0 0 0 0 0 1 0 0 0 0 0 0 
2b) 0 1 0 0 0 0 1 1 0 0 0 0 0 
3) 0 0 0 0 0 0 1 0 0 0 0 0 0 
4) 0 0 0 1 0 0 1 0 0 1 0 0 0 
5) 0 0 0 0 0 0 1 0 0 0 0 0 0 
6) 1 0 0 0 0 0 1 0 1 0 0 0 0 
7b) 0 0 0 0 0 0 1 0 0 0 0 0 0 
_________________New Detail______________________ 0 0 0 0 0 0 1 0 0 0 0 0 0 
2b) 0 1 0 0 0 0 1 1 0 0 0 0 0 
3) 0 0 0 0 0 0 1 0 0 0 0 0 0 
4) 0 0 0 1 0 0 1 0 0 1 0 0 0 
5) 0 0 0 0 0 0 1 0 0 0 0 0 0 
6) 1 0 0 0 0 0 1 0 1 0 0 0 0 
7b) 0 0 0 0 0 0 1 0 0 0 0 0 0 
_________________New Detail______________________ 0 0 0 0 0 0 1 0 0 0 0 0 0 
2b) 0 1 0 0 0 0 1 1 0 0 0 0 0 
3) 0 0 0 0 0 0 1 0 0 0 0 0 0 
4) 0 0 0 1 0 0 1 0 0 1 0 0 0 
5) 0 0 0 0 0 0 1 0 0 0 0 0 0 
6) 1 0 0 0 0 0 1 0 1 0 0 0 0 
7b) 0 0 0 0 0 0 1 0 0 0 0 0 0 
_________________New Detail______________________ 0 0 0 0 0 0 1 0 0 0 0 0 0 
2b) 0 1 0 0 0 0 1 1 0 0 0 0 0 
3) 0 0 0 0 0 0 1 0 0 0 0 0 0 
4) 0 0 0 1 0 0 1 0 0 1 0 0 0 
5) 0 0 0 0 0 0 1 0 0 0 0 0 0 
6) 1 0 0 0 0 0 1 0 1 0 0 0 0 
7b) 0 0 0 0 0 0 1 0 0 0 0 0 0 
_________________New Detail______________________ 0 0 0 0 0 0 1 0 0 0 0 0 0 
2b) 0 1 0 0 0 0 1 1 0 0 0 0 0 
3) 0 0 0 0 0 0 1 0 0 0 0 0 0 
4) 0 0 0 1 0 0 1 0 0 1 0 0 0 
5) 0 0 0 0 0 0 1 0 0 0 0 0 0 
6) 1 0 0 0 0 0 1 0 1 0 0 0 0 
7b) 0 0 0 0 0 0 1 0 0 0 0 0 0 
_________________New Detail______________________ 0 0 0 0 0 0 1 0 0 0 0 0 0 
2b) 0 1 0 0 0 0 1 1 0 0 0 0 0 
3) 0 0 0 0 0 0 1 0 0 0 0 0 0 
4) 0 0 0 1 0 0 1 0 0 1 0 0 0 
5) 0 0 0 0 0 0 1 0 0 0 0 0 0 
6) 1 0 0 0 0 0 1 0 1 0 0 0 0 
7b) 0 0 0 0 0 0 1 0 0 0 0 0 0 
_________________New Detail______________________ 0 0 0 0 0 0 1 0 0 0 0 0 0 
2b) 0 1 0 0 0 0 1 1 0 0 0 0 0 
3) 0 0 0 0 0 0 1 0 0 0 0 0 0 
4) 0 0 0 1 0 0 1 0 0 1 0 0 0 
5) 0 0 0 0 0 0 1 0 0 0 0 0 0 
6) 1 0 0 0 0 0 1 0 1 0 0 0 0 
7b) 0 0 0 0 0 0 1 0 0 0 0 0 0 
_________________New Detail______________________ 0 0 0 0 0 0 1 0 0 0 0 0 0 
2b) 0 1 0 0 0 0 1 1 0 0 0 0 0 
3) 0 0 0 0 0 0 1 0 0 0 0 0 0 
4) 0 0 0 1 0 0 1 0 0 1 0 0 0 
5) 0 0 0 0 0 0 1 0 0 0 0 0 0 
6) 1 0 0 0 0 0 1 0 1 0 0 0 0 
7b) 0 0 0 0 0 0 1 0 0 0 0 0 0 
_________________New Detail______________________ 0 0 0 0 0 0 1 0 0 0 0 0 0 
2b) 0 1 0 0 0 0 1 1 0 0 0 0 0 
3) 0 0 0 0 0 0 1 0 0 0 0 0 0 
4) 0 0 0 1 0 0 1 0 0 1 0 0 0 
5) 0 0 0 0 0 0 1 0 0 0 0 0 0 
6) 1 0 0 0 0 0 1 0 1 0 0 0 0 
7b) 0 0 0 0 0 0 1 0 0 0 0 0 0 
_________________New Detail______________________ 0 0 0 0 0 0 1 0 0 0 0 0 0 
2b) 0 1 0 0 0 0 1 1 0 0 0 0 0 
3) 0 0 0 0 0 0 1 0 0 0 0 0 0 
4) 0 0 0 1 0 0 1 0 0 1 0 0 0 
5) 0 0 0 0 0 0 1 0 0 0 0 0 0 
6) 1 0 0 0 0 0 1 0 1 0 0 0 0 
7b) 0 0 0 0 0 0 1 0 0 0 0 0 0 
_________________New Detail______________________ 0 0 0 0 0 0 1 0 0 0 0 0 0 
2b) 0 1 0 0 0 0 1 1 0 0 0 0 0 
3) 0 0 0 0 0 0 1 0 0 0 0 0 0 
4) 0 0 0 1 0 0 1 0 0 1 0 0 0 
5) 0 0 0 0 0 0 1 0 0 0 0 0 0 
6) 1 0 0 0 0 0 1 0 1 0 0 0 0 
7b) 0 0 0 0 0 0 1 0 0 0 0 0 0 
_________________New Detail______________________ 0 0 0 0 0 0 1 0 0 0 0 0 0 
2a) 0 0 0 0 0 0 0 0 0 0 1 0 1 
